01d00h31m-01d21h35m:15,10,30,10,30,18
01d01h13m-01d20h38m:08,03,08,23,20,23
01d02h40m-01d22h32m:57,30,57,45
01d03h54m-01d21h25m:25,25,30,25,30,30,35,30
01d05h05m-01d21h37m:42,08,42,15,47,15,47,27,55,27
01d06h25m-01d22h33m:17,15,25,15
01d07h25m-01d20h55m:50,10,55,10,55,25
01d08h50m-01d21h26m:25,45,45,45,45,40
01d10h07m-01d22h29m:10,20,40,20,40,35
01d11h19m-01d20h29m:05,20,05,35
02d00h05m-02d22h40m:15,40,27,40
02d01h06m-02d22h15m:60,10,60,25
02d02h17m-02d23h59m:57,30,57,45
02d03h23m-02d20h00m:25,25,30,25,30,30,35,30
02d04h35m-02d21h33m:15,03,22,03,22,08,37,08,37,12
02d05h42m-02d20h17m:67,37,67,22
02d07h00m-02d20h10m:17,15,25,15